6719
6720
6721
1856
1857
2946
2947
3004
3005
3429
3430
6724
6725
6726
6727
6728
6733
6734
983
4471
4472
6741
6742
6743
6744
6745
6746
6747
6748
6751
6752
6753
6754
6755
6756
6757
6760
6761
6762
6763
6764
6765
6772
6773
6777
6778
6781
6782
6785
6786
6789
6790
6791
6802
6803
6804
6805
6806
6807
2485
2486
3711
3712
5829
5830
6166
6167
6681
6682
3716
3717
3720
3721
3722
3723
3738
3739
3744
3745
3746
3747
3756
3757
3758
3759
2746
2747
3648
3649
3762
3763
4254
4255
6992
6993
3766
3767
3774
3775
3783
3784
3797
3798
3813
3814
3819
3820
3823
3824
